              precision    recall  f1-score   support

           1       0.99      0.98      0.98       210
           2       0.98      0.98      0.98       211
           3       0.90      0.96      0.93       211
           4       0.85      0.77      0.81       214
           5       0.85      0.88      0.87       437
           7       0.81      0.78      0.79       426
           9       0.87      0.89      0.88       423

    accuracy                           0.88      2132
   macro avg       0.89      0.89      0.89      2132
weighted avg       0.88      0.88      0.88      2132
