              precision    recall  f1-score   support

           1       0.97      0.98      0.97       210
           2       0.98      0.96      0.97       211
           3       0.90      0.85      0.88       211
           4       0.69      0.69      0.69       214
           5       0.77      0.76      0.76       437
           7       0.68      0.71      0.69       426
           9       0.81      0.82      0.82       423

    accuracy                           0.80      2132
   macro avg       0.83      0.82      0.83      2132
weighted avg       0.81      0.80      0.81      2132
